homeLocation.latitude=52.509370
homeLocation.longitude=13.374196